+8.3695830000e-06 
+3.4570760000e-05 
+5.4033124000e-05 
+7.8195560000e-05 
+9.8456280000e-05 
+1.1784171200e-04 
+1.3874566400e-04 
+1.5495659200e-04 
+1.7367308800e-04 
+1.9035100800e-04 
+2.0428963200e-04 
+2.1632977600e-04 
+2.2877908800e-04 
+2.3889099200e-04 
+2.4548444800e-04 
+2.5192500800e-04 
+2.5666403200e-04 
+2.5731739200e-04 
+2.5780142400e-04 
+2.5751192000e-04 
+2.5156241600e-04 
+2.4621736000e-04 
+2.4016721600e-04 
+2.2913350400e-04 
+2.1634059200e-04 
+2.0721064000e-04 
+1.8999569600e-04 
+1.7403724800e-04 
+1.5806601600e-04 
+1.4077912000e-04 
+1.1926160000e-04 
+9.8743496000e-05 
+7.9379248000e-05 
+5.6411396000e-05 
+3.5306640000e-05 
+9.9406420000e-06 
-9.0415190000e-06 
-3.2946562000e-05 
-5.4873024000e-05 
-7.6896640000e-05 
-9.7279656000e-05 
-1.1847932800e-04 
-1.3684460800e-04 
-1.5603033600e-04 
-1.7267241600e-04 
-1.8853352000e-04 
-2.0368131200e-04 
-2.1540827200e-04 
-2.2770564800e-04 
-2.3778596800e-04 
-2.4462864000e-04 
-2.5062857600e-04 
-2.5399916800e-04 
-2.5662073600e-04 
-2.5597264000e-04 
-2.5442512000e-04 
-2.5100777600e-04 
-2.4349400000e-04 
-2.3712904000e-04 
-2.2782841600e-04 
-2.1437196800e-04 
-2.0315092800e-04 
-1.8787091200e-04 
-1.7277592000e-04 
-1.5420387200e-04 
-1.3741425600e-04 
-1.1677082400e-04 
-9.8178168000e-05 
-7.5320568000e-05 
-5.3554008000e-05 
-3.4104000000e-05 
-9.4264530000e-06 
+1.2385635000e-05 
+3.3215128000e-05 
+5.6543692000e-05 
+7.8433960000e-05 
+9.8026992000e-05 
+1.1871454400e-04 
+1.3858784000e-04 
+1.5680649600e-04 
+1.7422422400e-04 
+1.8957532800e-04 
+2.0551731200e-04 
+2.1501536000e-04 
+2.2840056000e-04 
+2.3906321600e-04 
+2.4397228800e-04 
+2.5008177600e-04 
+2.5691214400e-04 
+2.5540622400e-04 
+2.5601580800e-04 
+2.5688643200e-04 
+2.4995128000e-04 
+2.4351136000e-04 
+2.3911289600e-04 
+2.2691056000e-04 
+2.1501897600e-04 
+2.0461897600e-04 
+1.9049147200e-04 
+1.7152259200e-04 
+1.5533998400e-04 
+1.3991705600e-04 
+1.1682858400e-04 
+9.7080384000e-05 
+7.7440160000e-05 
+5.5092832000e-05 
+3.2718514000e-05 
+1.0848282000e-05 
-1.0858065000e-05 
-3.4904188000e-05 
-5.4128136000e-05 
-8.0153928000e-05 
-9.8315584000e-05 
-1.1706378400e-04 
-1.4015532800e-04 
-1.5645468800e-04 
-1.7419878400e-04 
-1.8962996800e-04 
-2.0380905600e-04 
-2.1731027200e-04 
-2.2874961600e-04 
-2.3767953600e-04 
-2.4580843200e-04 
-2.5060937600e-04 
-2.5594617600e-04 
-2.5745996800e-04 
-2.5671467200e-04 
-2.5585776000e-04 
-2.5155675200e-04 
-2.4456952000e-04 
-2.3815499200e-04 
-2.2880729600e-04 
-2.1696262400e-04 
-2.0385265600e-04 
-1.9128574400e-04 
-1.7298782400e-04 
-1.5636768000e-04 
-1.4099464000e-04 
-1.1693770400e-04 
-9.8414704000e-05 
-7.8547392000e-05 
-5.6185864000e-05 
-3.2988052000e-05 
-1.2415165000e-05 

+1.0044441000e-05 
+3.4132504000e-05 
+5.5387776000e-05 
+7.6871408000e-05 
+9.8410504000e-05 
+1.1836431200e-04 
+1.3748272000e-04 
+1.5638504000e-04 
+1.7297267200e-04 
+1.9088820800e-04 
+2.0427553600e-04 
+2.1606737600e-04 
+2.2969411200e-04 
+2.3793571200e-04 
+2.4587336000e-04 
+2.5144428800e-04 
+2.5718539200e-04 
+2.5704321600e-04 
+2.5789843200e-04 
+2.5786585600e-04 
+2.5128284800e-04 
+2.4575233600e-04 
+2.4162040000e-04 
+2.2718878400e-04 
+2.1787750400e-04 
+2.0619105600e-04 
+1.8998251200e-04 
+1.7446929600e-04 
+1.5738908800e-04 
+1.4150796800e-04 
+1.1887350400e-04 
+9.9608160000e-05 
+7.8259568000e-05 
+5.7579108000e-05 
+3.3990980000e-05 
+1.1309451000e-05 
-9.5483540000e-06 
-3.3485272000e-05 
-5.4845580000e-05 
-7.7546792000e-05 
-9.6841400000e-05 
-1.1801383200e-04 
-1.3687769600e-04 
-1.5575283200e-04 
-1.7212068800e-04 
-1.9027444800e-04 
-2.0432912000e-04 
-2.1412764800e-04 
-2.2866502400e-04 
-2.3635601600e-04 
-2.4491668800e-04 
-2.5025753600e-04 
-2.5427264000e-04 
-2.5667769600e-04 
-2.5615716800e-04 
-2.5456515200e-04 
-2.5115019200e-04 
-2.4309307200e-04 
-2.3726931200e-04 
-2.2678243200e-04 
-2.1543160000e-04 
-2.0278489600e-04 
-1.8886657600e-04 
-1.7159108800e-04 
-1.5587897600e-04 
-1.3576660800e-04 
-1.1639289600e-04 
-9.8227816000e-05 
-7.5576752000e-05 
-5.5850384000e-05 
-3.2134130000e-05 
-9.5062860000e-06 
+1.1917278000e-05 
+3.4089944000e-05 
+5.5333100000e-05 
+7.8278800000e-05 
+9.9200752000e-05 
+1.1964255200e-04 
+1.3661897600e-04 
+1.5807064000e-04 
+1.7275708800e-04 
+1.9040040000e-04 
+2.0506571200e-04 
+2.1531782400e-04 
+2.2921318400e-04 
+2.3870384000e-04 
+2.4341459200e-04 
+2.5070086400e-04 
+2.5700598400e-04 
+2.5518187200e-04 
+2.5584110400e-04 
+2.5681137600e-04 
+2.4999051200e-04 
+2.4372670400e-04 
+2.3896289600e-04 
+2.2681641600e-04 
+2.1612254400e-04 
+2.0437203200e-04 
+1.8906822400e-04 
+1.7167427200e-04 
+1.5698019200e-04 
+1.3897553600e-04 
+1.1618119200e-04 
+9.8130336000e-05 
+7.7126248000e-05 
+5.5975996000e-05 
+3.1367954000e-05 
+1.2590475000e-05 
-1.2503686000e-05 
-3.3173678000e-05 
-5.7621748000e-05 
-7.6881312000e-05 
-9.8653624000e-05 
-1.2037628000e-04 
-1.3522662400e-04 
-1.5861356800e-04 
-1.7437596800e-04 
-1.9004454400e-04 
-2.0481984000e-04 
-2.1565756800e-04 
-2.2939478400e-04 
-2.3772297600e-04 
-2.4512726400e-04 
-2.5106580800e-04 
-2.5575670400e-04 
-2.5741644800e-04 
-2.5685795200e-04 
-2.5617067200e-04 
-2.5156300800e-04 
-2.4419992000e-04 
-2.3901480000e-04 
-2.2866289600e-04 
-2.1591707200e-04 
-2.0440833600e-04 
-1.9117777600e-04 
-1.7275990400e-04 
-1.5631100800e-04 
-1.3981510400e-04 
-1.1834309600e-04 
-9.8290472000e-05 
-7.8332320000e-05 
-5.5428816000e-05 
-3.3335218000e-05 
-1.3510558000e-05 

+1.1688509000e-05 
+3.2889798000e-05 
+5.5373592000e-05 
+7.8529336000e-05 
+9.6763656000e-05 
+1.1918301600e-04 
+1.3625099200e-04 
+1.5636257600e-04 
+1.7385310400e-04 
+1.8957758400e-04 
+2.0403681600e-04 
+2.1750030400e-04 
+2.2905217600e-04 
+2.3852953600e-04 
+2.4563088000e-04 
+2.5102668800e-04 
+2.5759512000e-04 
+2.5695518400e-04 
+2.5759608000e-04 
+2.5782436800e-04 
+2.5158422400e-04 
+2.4614667200e-04 
+2.3990409600e-04 
+2.2819228800e-04 
+2.1851468800e-04 
+2.0560000000e-04 
+1.9091465600e-04 
+1.7382665600e-04 
+1.5858168000e-04 
+1.3922244800e-04 
+1.2040034400e-04 
+9.8710968000e-05 
+7.9343704000e-05 
+5.8015380000e-05 
+3.1119180000e-05 
+1.3211701000e-05 
-9.5829790000e-06 
-3.3750776000e-05 
-5.4543468000e-05 
-7.6597136000e-05 
-9.7547408000e-05 
-1.1755712800e-04 
-1.3828353600e-04 
-1.5543315200e-04 
-1.7151745600e-04 
-1.9154520000e-04 
-2.0119288000e-04 
-2.1739004800e-04 
-2.2787590400e-04 
-2.3620292800e-04 
-2.4481916800e-04 
-2.5033292800e-04 
-2.5423462400e-04 
-2.5675403200e-04 
-2.5617995200e-04 
-2.5468768000e-04 
-2.5019200000e-04 
-2.4425960000e-04 
-2.3650099200e-04 
-2.2709401600e-04 
-2.1602385600e-04 
-2.0245264000e-04 
-1.8847870400e-04 
-1.7059918400e-04 
-1.5621278400e-04 
-1.3662057600e-04 
-1.1809857600e-04 
-9.6795648000e-05 
-7.5278928000e-05 
-5.4717088000e-05 
-3.2572104000e-05 
-1.0822422000e-05 
+1.2426509000e-05 
+3.3432952000e-05 
+5.7139044000e-05 
+7.7104104000e-05 
+9.9599640000e-05 
+1.1819633600e-04 
+1.3767692800e-04 
+1.5773296000e-04 
+1.7310068800e-04 
+1.9118163200e-04 
+2.0466643200e-04 
+2.1561296000e-04 
+2.2881395200e-04 
+2.3827363200e-04 
+2.4381905600e-04 
+2.5054019200e-04 
+2.5685724800e-04 
+2.5541372800e-04 
+2.5616179200e-04 
+2.5655937600e-04 
+2.4975916800e-04 
+2.4430824000e-04 
+2.3835516800e-04 
+2.2701236800e-04 
+2.1710387200e-04 
+2.0326057600e-04 
+1.8938060800e-04 
+1.7097233600e-04 
+1.5750614400e-04 
+1.3799716800e-04 
+1.1898116800e-04 
+9.5611488000e-05 
+7.8233232000e-05 
+5.4886820000e-05 
+3.1938346000e-05 
+1.1252734000e-05 
-1.1153368000e-05 
-3.3748556000e-05 
-5.7277284000e-05 
-7.5423272000e-05 
-9.8011200000e-05 
-1.2135086400e-04 
-1.3793859200e-04 
-1.5694960000e-04 
-1.7401001600e-04 
-1.9015334400e-04 
-2.0426291200e-04 
-2.1685296000e-04 
-2.2813432000e-04 
-2.3815278400e-04 
-2.4503923200e-04 
-2.5102331200e-04 
-2.5627817600e-04 
-2.5728038400e-04 
-2.5658977600e-04 
-2.5632401600e-04 
-2.5162073600e-04 
-2.4441155200e-04 
-2.3815243200e-04 
-2.2958675200e-04 
-2.1573022400e-04 
-2.0437188800e-04 
-1.9128270400e-04 
-1.7240265600e-04 
-1.5821220800e-04 
-1.3729979200e-04 
-1.1986563200e-04 
-9.7549456000e-05 
-7.7925576000e-05 
-5.6394836000e-05 
-3.4126284000e-05 
-1.2441146000e-05 

+1.1933562000e-05 
+3.2843638000e-05 
+5.5865192000e-05 
+7.6823448000e-05 
+9.8234736000e-05 
+1.1763345600e-04 
+1.3697750400e-04 
+1.5698292800e-04 
+1.7479576000e-04 
+1.8957483200e-04 
+2.0334123200e-04 
+2.1798321600e-04 
+2.2807660800e-04 
+2.3866425600e-04 
+2.4537672000e-04 
+2.5177648000e-04 
+2.5720414400e-04 
+2.5703344000e-04 
+2.5775737600e-04 
+2.5747755200e-04 
+2.5145094400e-04 
+2.4702864000e-04 
+2.3932411200e-04 
+2.2883513600e-04 
+2.1787540800e-04 
+2.0534273600e-04 
+1.9092614400e-04 
+1.7296395200e-04 
+1.6017411200e-04 
+1.3854208000e-04 
+1.2072548000e-04 
+9.8801776000e-05 
+7.8950752000e-05 
+5.6023140000e-05 
+3.3254800000e-05 
+1.3336731000e-05 
-1.0720233000e-05 
-3.2636052000e-05 
-5.4972872000e-05 
-7.5760048000e-05 
-9.8192888000e-05 
-1.1680384000e-04 
-1.3952140800e-04 
-1.5489017600e-04 
-1.7318190400e-04 
-1.8997052800e-04 
-2.0130100800e-04 
-2.1699696000e-04 
-2.2764824000e-04 
-2.3620540800e-04 
-2.4519984000e-04 
-2.5065273600e-04 
-2.5401182400e-04 
-2.5667230400e-04 
-2.5590219200e-04 
-2.5441841600e-04 
-2.5044836800e-04 
-2.4491136000e-04 
-2.3574752000e-04 
-2.2732350400e-04 
-2.1593579200e-04 
-2.0285454400e-04 
-1.8881011200e-04 
-1.7095411200e-04 
-1.5649945600e-04 
-1.3431390400e-04 
-1.1828265600e-04 
-9.7457624000e-05 
-7.6340104000e-05 
-5.3648440000e-05 
-3.3819564000e-05 
-9.4520340000e-06 
+1.1673860000e-05 
+3.4337648000e-05 
+5.6180584000e-05 
+7.6165560000e-05 
+1.0119736800e-04 
+1.1705568800e-04 
+1.3965854400e-04 
+1.5628048000e-04 
+1.7408756800e-04 
+1.9078172800e-04 
+2.0460764800e-04 
+2.1570899200e-04 
+2.2756662400e-04 
+2.3931187200e-04 
+2.4377587200e-04 
+2.5072969600e-04 
+2.5657323200e-04 
+2.5527091200e-04 
+2.5597608000e-04 
+2.5698422400e-04 
+2.4981022400e-04 
+2.4410648000e-04 
+2.3828091200e-04 
+2.2836793600e-04 
+2.1440835200e-04 
+2.0452828800e-04 
+1.8984545600e-04 
+1.7092676800e-04 
+1.5739006400e-04 
+1.3698371200e-04 
+1.1889710400e-04 
+9.8164888000e-05 
+7.7069656000e-05 
+5.3982444000e-05 
+3.4453972000e-05 
+9.2742410000e-06 
-1.1531920000e-05 
-3.3932184000e-05 
-5.6353416000e-05 
-7.7228288000e-05 
-1.0035758400e-04 
-1.1631689600e-04 
-1.3968782400e-04 
-1.5600987200e-04 
-1.7494788800e-04 
-1.8986358400e-04 
-2.0307537600e-04 
-2.1756355200e-04 
-2.2836462400e-04 
-2.3827905600e-04 
-2.4553238400e-04 
-2.5131033600e-04 
-2.5581926400e-04 
-2.5714140800e-04 
-2.5648222400e-04 
-2.5582563200e-04 
-2.5151944000e-04 
-2.4518508800e-04 
-2.3799601600e-04 
-2.3009840000e-04 
-2.1553012800e-04 
-2.0373651200e-04 
-1.9139531200e-04 
-1.7225246400e-04 
-1.5717644800e-04 
-1.3985876800e-04 
-1.1806390400e-04 
-9.8943416000e-05 
-8.0576384000e-05 
-5.1935456000e-05 
-3.6345532000e-05 
-1.0321064000e-05 

+1.1127855000e-05 
+3.2954958000e-05 
+5.6351160000e-05 
+7.4994640000e-05 
+9.8191792000e-05 
+1.1770072000e-04 
+1.3972224000e-04 
+1.5544926400e-04 
+1.7434324800e-04 
+1.8882886400e-04 
+2.0576164800e-04 
+2.1637240000e-04 
+2.2823054400e-04 
+2.3888412800e-04 
+2.4520928000e-04 
+2.5194046400e-04 
+2.5712953600e-04 
+2.5694156800e-04 
+2.5776662400e-04 
+2.5748862400e-04 
+2.5144481600e-04 
+2.4628393600e-04 
+2.4015713600e-04 
+2.2884076800e-04 
+2.1782656000e-04 
+2.0582308800e-04 
+1.8990985600e-04 
+1.7537160000e-04 
+1.5691412800e-04 
+1.4078361600e-04 
+1.2052162400e-04 
+9.8877544000e-05 
+7.8426088000e-05 
+5.5513748000e-05 
+3.4500668000e-05 
+1.2740274000e-05 
-1.0664563000e-05 
-3.2690952000e-05 
-5.3332264000e-05 
-7.7967000000e-05 
-9.7723096000e-05 
-1.1571098400e-04 
-1.4046572800e-04 
-1.5571235200e-04 
-1.7153988800e-04 
-1.9031136000e-04 
-2.0251580800e-04 
-2.1664544000e-04 
-2.2745883200e-04 
-2.3623044800e-04 
-2.4553521600e-04 
-2.5041262400e-04 
-2.5380664000e-04 
-2.5664160000e-04 
-2.5618075200e-04 
-2.5440641600e-04 
-2.5038342400e-04 
-2.4421729600e-04 
-2.3622619200e-04 
-2.2750673600e-04 
-2.1602409600e-04 
-2.0188024000e-04 
-1.8811380800e-04 
-1.7361096000e-04 
-1.5340433600e-04 
-1.3736641600e-04 
-1.1787372000e-04 
-9.7137952000e-05 
-7.6833024000e-05 
-5.2588048000e-05 
-3.3403760000e-05 
-8.9188850000e-06 
+1.0870239000e-05 
+3.4396672000e-05 
+5.5971360000e-05 
+7.6080288000e-05 
+1.0140462400e-04 
+1.1770768000e-04 
+1.3907694400e-04 
+1.5724144000e-04 
+1.7237808000e-04 
+1.9101252800e-04 
+2.0472433600e-04 
+2.1467000000e-04 
+2.2918001600e-04 
+2.3872193600e-04 
+2.4400619200e-04 
+2.5101409600e-04 
+2.5632870400e-04 
+2.5535960000e-04 
+2.5595403200e-04 
+2.5695299200e-04 
+2.4987385600e-04 
+2.4410724800e-04 
+2.3917278400e-04 
+2.2644996800e-04 
+2.1550633600e-04 
+2.0422252800e-04 
+1.8861747200e-04 
+1.7339067200e-04 
+1.5507665600e-04 
+1.3916598400e-04 
+1.1885622400e-04 
+9.6716120000e-05 
+7.7570704000e-05 
+5.5110164000e-05 
+3.2126812000e-05 
+9.7741240000e-06 
-9.3746260000e-06 
-3.5673804000e-05 
-5.4971144000e-05 
-7.8576184000e-05 
-9.8632728000e-05 
-1.1845925600e-04 
-1.3919907200e-04 
-1.5673793600e-04 
-1.7376475200e-04 
-1.8940436800e-04 
-2.0473540800e-04 
-2.1650387200e-04 
-2.2858044800e-04 
-2.3772612800e-04 
-2.4596028800e-04 
-2.5090764800e-04 
-2.5593436800e-04 
-2.5748036800e-04 
-2.5645950400e-04 
-2.5593958400e-04 
-2.5194468800e-04 
-2.4374268800e-04 
-2.3940235200e-04 
-2.2903568000e-04 
-2.1493812800e-04 
-2.0509992000e-04 
-1.9063707200e-04 
-1.7342040000e-04 
-1.5667955200e-04 
-1.3955057600e-04 
-1.1834994400e-04 
-9.9178104000e-05 
-7.6838816000e-05 
-5.6869180000e-05 
-3.4448028000e-05 
-9.5396930000e-06 

+8.8461070000e-06 
+3.3966908000e-05 
+5.5391064000e-05 
+7.7132448000e-05 
+9.8720488000e-05 
+1.1727033600e-04 
+1.3767628800e-04 
+1.5712355200e-04 
+1.7352392000e-04 
+1.8820491200e-04 
+2.0623241600e-04 
+2.1666288000e-04 
+2.2811806400e-04 
+2.3886067200e-04 
+2.4570841600e-04 
+2.5171097600e-04 
+2.5687168000e-04 
+2.5688539200e-04 
+2.5775608000e-04 
+2.5771712000e-04 
+2.5208670400e-04 
+2.4557100800e-04 
+2.4026505600e-04 
+2.2836520000e-04 
+2.1786057600e-04 
+2.0563548800e-04 
+1.8968672000e-04 
+1.7467937600e-04 
+1.5869736000e-04 
+1.3931556800e-04 
+1.2223739200e-04 
+9.8195376000e-05 
+7.9197560000e-05 
+5.4652916000e-05 
+3.4320216000e-05 
+1.2116250000e-05 
-8.9684340000e-06 
-3.3433004000e-05 
-5.3656644000e-05 
-7.8439976000e-05 
-9.6724160000e-05 
-1.1907740000e-04 
-1.3697510400e-04 
-1.5532414400e-04 
-1.7369520000e-04 
-1.8848604800e-04 
-2.0363420800e-04 
-2.1572392000e-04 
-2.2748486400e-04 
-2.3672225600e-04 
-2.4492979200e-04 
-2.4989376000e-04 
-2.5441145600e-04 
-2.5688470400e-04 
-2.5603516800e-04 
-2.5412296000e-04 
-2.5056668800e-04 
-2.4400758400e-04 
-2.3675385600e-04 
-2.2761155200e-04 
-2.1490916800e-04 
-2.0278876800e-04 
-1.8903360000e-04 
-1.7260126400e-04 
-1.5309468800e-04 
-1.3789086400e-04 
-1.1680911200e-04 
-9.8749184000e-05 
-7.4382544000e-05 
-5.4772040000e-05 
-3.2763520000e-05 
-1.1139554000e-05 
+1.1874818000e-05 
+3.5165696000e-05 
+5.5874932000e-05 
+7.8869320000e-05 
+9.7465872000e-05 
+1.1970723200e-04 
+1.3855918400e-04 
+1.5704668800e-04 
+1.7395913600e-04 
+1.8852361600e-04 
+2.0554062400e-04 
+2.1505635200e-04 
+2.2925622400e-04 
+2.3893652800e-04 
+2.4378003200e-04 
+2.5073713600e-04 
+2.5639788800e-04 
+2.5522854400e-04 
+2.5602846400e-04 
+2.5698155200e-04 
+2.5048734400e-04 
+2.4334707200e-04 
+2.3895616000e-04 
+2.2665545600e-04 
+2.1605630400e-04 
+2.0309721600e-04 
+1.8937838400e-04 
+1.7340889600e-04 
+1.5474212800e-04 
+1.4109569600e-04 
+1.1704996800e-04 
+9.6835048000e-05 
+7.6680496000e-05 
+5.6028228000e-05 
+3.1870926000e-05 
+1.1017303000e-05 
-1.0825743000e-05 
-3.5758156000e-05 
-5.4831580000e-05 
-7.7409152000e-05 
-9.9135256000e-05 
-1.1971332800e-04 
-1.3754704000e-04 
-1.5809291200e-04 
-1.7207518400e-04 
-1.9001008000e-04 
-2.0492566400e-04 
-2.1705433600e-04 
-2.2892547200e-04 
-2.3775942400e-04 
-2.4529926400e-04 
-2.5133571200e-04 
-2.5519764800e-04 
-2.5757596800e-04 
-2.5673899200e-04 
-2.5609360000e-04 
-2.5192720000e-04 
-2.4454571200e-04 
-2.3842788800e-04 
-2.2866841600e-04 
-2.1573219200e-04 
-2.0438308800e-04 
-1.9110894400e-04 
-1.7270710400e-04 
-1.5710363200e-04 
-1.4080294400e-04 
-1.1736411200e-04 
-9.7890944000e-05 
-7.8053984000e-05 
-5.5947672000e-05 
-3.3614204000e-05 
-1.2572528000e-05 

+1.0408667000e-05 
+3.3206642000e-05 
+5.6274548000e-05 
+7.6294928000e-05 
+9.7126960000e-05 
+1.2044885600e-04 
+1.3689792000e-04 
+1.5711678400e-04 
+1.7271256000e-04 
+1.9030964800e-04 
+2.0465446400e-04 
+2.1586164800e-04 
+2.2847731200e-04 
+2.3974520000e-04 
+2.4545206400e-04 
+2.5108940800e-04 
+2.5759072000e-04 
+2.5685952000e-04 
+2.5785916800e-04 
+2.5743232000e-04 
+2.5145926400e-04 
+2.4600468800e-04 
+2.4102640000e-04 
+2.2847636800e-04 
+2.1739131200e-04 
+2.0527868800e-04 
+1.9252627200e-04 
+1.7302864000e-04 
+1.5821200000e-04 
+1.4126116800e-04 
+1.1824536000e-04 
+1.0044584800e-04 
+7.6157896000e-05 
+5.7352220000e-05 
+3.4523352000e-05 
+1.1861908000e-05 
-9.7693470000e-06 
-3.1073248000e-05 
-5.6677980000e-05 
-7.7537088000e-05 
-9.6503672000e-05 
-1.1832200800e-04 
-1.3721638400e-04 
-1.5630177600e-04 
-1.7232708800e-04 
-1.8932371200e-04 
-2.0355320000e-04 
-2.1486084800e-04 
-2.2845452800e-04 
-2.3663056000e-04 
-2.4521736000e-04 
-2.5009432000e-04 
-2.5422137600e-04 
-2.5657902400e-04 
-2.5606595200e-04 
-2.5463715200e-04 
-2.5030286400e-04 
-2.4432636800e-04 
-2.3706665600e-04 
-2.2685321600e-04 
-2.1517572800e-04 
-2.0197486400e-04 
-1.8983603200e-04 
-1.7161238400e-04 
-1.5441636800e-04 
-1.3805368000e-04 
-1.1629136800e-04 
-9.7511272000e-05 
-7.6223864000e-05 
-5.5062100000e-05 
-3.0931540000e-05 
-1.2160977000e-05 
+1.3255444000e-05 
+3.3998720000e-05 
+5.4494504000e-05 
+8.0709600000e-05 
+9.6861888000e-05 
+1.1993496800e-04 
+1.3907228800e-04 
+1.5618182400e-04 
+1.7339273600e-04 
+1.8951006400e-04 
+2.0471728000e-04 
+2.1584305600e-04 
+2.2885072000e-04 
+2.3875097600e-04 
+2.4441089600e-04 
+2.5043395200e-04 
+2.5677955200e-04 
+2.5525214400e-04 
+2.5594697600e-04 
+2.5654022400e-04 
+2.5019492800e-04 
+2.4409158400e-04 
+2.3911510400e-04 
+2.2618620800e-04 
+2.1590537600e-04 
+2.0407364800e-04 
+1.8965555200e-04 
+1.7141739200e-04 
+1.5740900800e-04 
+1.3777136000e-04 
+1.1807492000e-04 
+9.8111184000e-05 
+7.6211752000e-05 
+5.4840000000e-05 
+3.1768780000e-05 
+1.3396795000e-05 
-1.2234851000e-05 
-3.6336408000e-05 
-5.5038084000e-05 
-7.7530192000e-05 
-9.6631816000e-05 
-1.2051730400e-04 
-1.3896619200e-04 
-1.5616494400e-04 
-1.7209112000e-04 
-1.9207838400e-04 
-2.0316584000e-04 
-2.1729600000e-04 
-2.2890203200e-04 
-2.3832622400e-04 
-2.4574168000e-04 
-2.5047075200e-04 
-2.5564742400e-04 
-2.5727460800e-04 
-2.5649857600e-04 
-2.5648814400e-04 
-2.5149392000e-04 
-2.4503174400e-04 
-2.3827078400e-04 
-2.2880022400e-04 
-2.1608441600e-04 
-2.0334419200e-04 
-1.9201179200e-04 
-1.7263704000e-04 
-1.5594190400e-04 
-1.4062483200e-04 
-1.1910846400e-04 
-9.7676736000e-05 
-7.7555160000e-05 
-5.6925916000e-05 
-3.2541408000e-05 
-1.3299397000e-05 

+1.0825447000e-05 
+3.2718534000e-05 
+5.7178284000e-05 
+7.6833936000e-05 
+9.7946640000e-05 
+1.1831696000e-04 
+1.3763033600e-04 
+1.5709126400e-04 
+1.7229156800e-04 
+1.9032044800e-04 
+2.0478987200e-04 
+2.1583996800e-04 
+2.2874068800e-04 
+2.3921625600e-04 
+2.4552468800e-04 
+2.5155054400e-04 
+2.5718894400e-04 
+2.5677126400e-04 
+2.5758113600e-04 
+2.5774678400e-04 
+2.5222835200e-04 
+2.4538112000e-04 
+2.4038726400e-04 
+2.2854923200e-04 
+2.1770584000e-04 
+2.0644811200e-04 
+1.9004772800e-04 
+1.7372243200e-04 
+1.5871121600e-04 
+1.4040448000e-04 
+1.1983784000e-04 
+9.9100200000e-05 
+7.7139192000e-05 
+5.7961624000e-05 
+3.1856462000e-05 
+1.5404198000e-05 
-1.0697284000e-05 
-3.4572472000e-05 
-5.4289136000e-05 
-7.5076408000e-05 
-9.9092664000e-05 
-1.1839881600e-04 
-1.3753318400e-04 
-1.5574867200e-04 
-1.7156785600e-04 
-1.9057123200e-04 
-2.0245524800e-04 
-2.1611451200e-04 
-2.2765515200e-04 
-2.3679934400e-04 
-2.4442892800e-04 
-2.5044512000e-04 
-2.5479564800e-04 
-2.5645620800e-04 
-2.5590656000e-04 
-2.5415435200e-04 
-2.5053795200e-04 
-2.4446427200e-04 
-2.3651990400e-04 
-2.2725052800e-04 
-2.1553339200e-04 
-2.0262515200e-04 
-1.8956664000e-04 
-1.6927536000e-04 
-1.5788308800e-04 
-1.3583780800e-04 
-1.1666078400e-04 
-9.7454632000e-05 
-7.5851496000e-05 
-5.4935760000e-05 
-3.3414016000e-05 
-1.0098480000e-05 
+1.2577958000e-05 
+3.2824790000e-05 
+5.8551220000e-05 
+7.5218472000e-05 
+1.0090545600e-04 
+1.1939476800e-04 
+1.3856929600e-04 
+1.5691739200e-04 
+1.7198488000e-04 
+1.9071876800e-04 
+2.0488888000e-04 
+2.1607856000e-04 
+2.2809480000e-04 
+2.3924044800e-04 
+2.4325228800e-04 
+2.5087680000e-04 
+2.5682531200e-04 
+2.5530502400e-04 
+2.5605816000e-04 
+2.5681512000e-04 
+2.4962286400e-04 
+2.4430822400e-04 
+2.3815497600e-04 
+2.2774588800e-04 
+2.1545267200e-04 
+2.0364016000e-04 
+1.8949777600e-04 
+1.7271704000e-04 
+1.5650507200e-04 
+1.3805915200e-04 
+1.1740396000e-04 
+9.7340280000e-05 
+7.7132160000e-05 
+5.5983292000e-05 
+3.2796570000e-05 
+1.1322153000e-05 
-1.2999319000e-05 
-3.4744024000e-05 
-5.5417664000e-05 
-7.7030664000e-05 
-9.8906984000e-05 
-1.1896923200e-04 
-1.3863185600e-04 
-1.5521704000e-04 
-1.7564430400e-04 
-1.9022998400e-04 
-2.0234980800e-04 
-2.1812977600e-04 
-2.2821160000e-04 
-2.3819132800e-04 
-2.4549888000e-04 
-2.5095660800e-04 
-2.5608028800e-04 
-2.5737628800e-04 
-2.5643694400e-04 
-2.5612304000e-04 
-2.5138953600e-04 
-2.4532566400e-04 
-2.3768886400e-04 
-2.2927096000e-04 
-2.1542024000e-04 
-2.0479568000e-04 
-1.9092070400e-04 
-1.7209368000e-04 
-1.5845112000e-04 
-1.3929897600e-04 
-1.1782862400e-04 
-9.7836304000e-05 
-7.8556568000e-05 
-5.6367776000e-05 
-3.3496646000e-05 
-1.2224751000e-05 

+1.1198914000e-05 
+3.3787748000e-05 
+5.5594524000e-05 
+7.6557192000e-05 
+9.8082408000e-05 
+1.1766107200e-04 
+1.3837843200e-04 
+1.5589454400e-04 
+1.7303657600e-04 
+1.9109259200e-04 
+2.0341625600e-04 
+2.1762363200e-04 
+2.2814355200e-04 
+2.3919664000e-04 
+2.4512790400e-04 
+2.5179132800e-04 
+2.5697185600e-04 
+2.5724955200e-04 
+2.5758868800e-04 
+2.5775195200e-04 
+2.5093880000e-04 
+2.4689648000e-04 
+2.3952161600e-04 
+2.2891276800e-04 
+2.1814987200e-04 
+2.0481320000e-04 
+1.9010123200e-04 
+1.7655363200e-04 
+1.5671804800e-04 
+1.3948448000e-04 
+1.2102469600e-04 
+9.7822672000e-05 
+7.9136712000e-05 
+5.6746320000e-05 
+3.5059832000e-05 
+1.1815210000e-05 
-1.0339565000e-05 
-3.2526880000e-05 
-5.4129064000e-05 
-7.8236440000e-05 
-9.8548360000e-05 
-1.1691063200e-04 
-1.3780585600e-04 
-1.5534299200e-04 
-1.7323492800e-04 
-1.8850316800e-04 
-2.0325899200e-04 
-2.1623459200e-04 
-2.2757091200e-04 
-2.3669630400e-04 
-2.4477392000e-04 
-2.5064929600e-04 
-2.5410224000e-04 
-2.5679976000e-04 
-2.5589563200e-04 
-2.5425880000e-04 
-2.5050660800e-04 
-2.4450881600e-04 
-2.3629992000e-04 
-2.2757136000e-04 
-2.1531622400e-04 
-2.0376179200e-04 
-1.8642780800e-04 
-1.7203120000e-04 
-1.5673617600e-04 
-1.3521619200e-04 
-1.1766659200e-04 
-9.6952304000e-05 
-7.7090024000e-05 
-5.4825168000e-05 
-3.1421792000e-05 
-1.0579016000e-05 
+1.0315639000e-05 
+3.6364492000e-05 
+5.3314344000e-05 
+8.0852856000e-05 
+9.8504480000e-05 
+1.1837621600e-04 
+1.3939545600e-04 
+1.5548700800e-04 
+1.7396873600e-04 
+1.9035728000e-04 
+2.0486561600e-04 
+2.1495830400e-04 
+2.2943947200e-04 
+2.3874446434e+08 
+2.5037696000e-04 
+2.5653792000e-04 
+2.5550766400e-04 
+2.5608803200e-04 
+2.5662444800e-04 
+2.5013809600e-04 
+2.4362822400e-04 
+2.3895041600e-04 
+2.2795785600e-04 
+2.1486979200e-04 
+2.0346241600e-04 
+1.8899372800e-04 
+1.7313350400e-04 
+1.5629550400e-04 
+1.3851760000e-04 
+1.1768662400e-04 
+9.8637856000e-05 
+7.5447400000e-05 
+5.5532892000e-05 
+3.1821644000e-05 
+1.1130760000e-05 
-1.0622198000e-05 
-3.6487256000e-05 
-5.2022796000e-05 
-8.0406448000e-05 
-9.9293896000e-05 
-1.1788125600e-04 
-1.3871035200e-04 
-1.5691833600e-04 
-1.7411793600e-04 
-1.8914275200e-04 
-2.0447980800e-04 
-2.1547908800e-04 
-2.2928276800e-04 
-2.3805691200e-04 
-2.4620512000e-04 
-2.5047356800e-04 
-2.5616921600e-04 
-2.5701300800e-04 
-2.5639825600e-04 
-2.5589979200e-04 
-2.5181977600e-04 
-2.4427568000e-04 
-2.3918468800e-04 
-2.2915284800e-04 
-2.1596428800e-04 
-2.0394014400e-04 
-1.9163923200e-04 
-1.7113636800e-04 
-1.5723387200e-04 
-1.4063110400e-04 
-1.1816458400e-04 
-9.7574184000e-05 
-7.7995864000e-05 
-5.7295244000e-05 
-3.3014638000e-05 
-1.1666783000e-05 
+1.0837329000e-05 

+3.2076120000e-05 
+5.4206164000e-05 
+7.9905600000e-05 
+9.6981936000e-05 
+1.1825831200e-04 
+1.3720265600e-04 
+1.5721228800e-04 
+1.7283848000e-04 
+1.9069796800e-04 
+2.0360993600e-04 
+2.1691697600e-04 
+2.2897712000e-04 
+2.3911070400e-04 
+2.4534204800e-04 
+2.5102963200e-04 
+2.5749755200e-04 
+2.5689606400e-04 
+2.5768982400e-04 
+2.5783404800e-04 
+2.5116395200e-04 
+2.4685625600e-04 
+2.4044638400e-04 
+2.2762678400e-04 
+2.1814352000e-04 
+2.0526216000e-04 
+1.9044409600e-04 
+1.7519649600e-04 
+1.5794592000e-04 
+1.4082456000e-04 
+1.1998721600e-04 
+9.7405072000e-05 
+7.9901888000e-05 
+5.9085968000e-05 
+2.9738556000e-05 
+1.5374711000e-05 
-1.2561473000e-05 
-3.1727976000e-05 
-5.6289664000e-05 
-7.6860600000e-05 
-9.5914056000e-05 
-1.1836192000e-04 
-1.3842614400e-04 
-1.5579052800e-04 
-1.7266793600e-04 
-1.8896451200e-04 
-2.0243848000e-04 
-2.1617888000e-04 
-2.2748276800e-04 
-2.3762779200e-04 
-2.4487169600e-04 
-2.5015537600e-04 
-2.5420582400e-04 
-2.5643723200e-04 
-2.5596841600e-04 
-2.5456052800e-04 
-2.5019678400e-04 
-2.4419905600e-04 
-2.3721222400e-04 
-2.2714705600e-04 
-2.1548793600e-04 
-2.0196190400e-04 
-1.8815896000e-04 
-1.7267563200e-04 
-1.5727075200e-04 
-1.3469022400e-04 
-1.1709154400e-04 
-9.8506088000e-05 
-7.4178016000e-05 
-5.4711760000e-05 
-3.2079248000e-05 
-1.2340350000e-05 
+1.1974967000e-05 
+3.5390784000e-05 
+5.6880892000e-05 
+7.4938832000e-05 
+1.0080590400e-04 
+1.1884376000e-04 
+1.3906022400e-04 
+1.5730230400e-04 
+1.7258387200e-04 
+1.9116108800e-04 
+2.0220126400e-04 
+2.1717278400e-04 
+2.2887006400e-04 
+2.3890859200e-04 
+2.4343107200e-04 
+2.5099283200e-04 
+2.5635440000e-04 
+2.5542043200e-04 
+2.5599275200e-04 
+2.5684547200e-04 
+2.4992763200e-04 
+2.4478067200e-04 
+2.3799468800e-04 
+2.2712793600e-04 
+2.1547835200e-04 
+2.0372092800e-04 
+1.9110782400e-04 
+1.7014174400e-04 
+1.5753092800e-04 
+1.3798737600e-04 
+1.1760244800e-04 
+9.7973096000e-05 
+7.7086872000e-05 
+5.4589568000e-05 
+3.2861168000e-05 
+1.1032685000e-05 
-1.1635476000e-05 
-3.3791440000e-05 
-5.6694324000e-05 
-7.7074568000e-05 
-9.9110176000e-05 
-1.1704180800e-04 
-1.3993281600e-04 
-1.5765187200e-04 
-1.7302363200e-04 
-1.8891739200e-04 
-2.0544128000e-04 
-2.1674852800e-04 
-2.2863755200e-04 
-2.3826500800e-04 
-2.4482718400e-04 
-2.5160580800e-04 
-2.5555024000e-04 
-2.5728608000e-04 
-2.5665291200e-04 
-2.5592305600e-04 
-2.5188692800e-04 
-2.4440136000e-04 
-2.3813692800e-04 
-2.2994139200e-04 
-2.1544025600e-04 
-2.0503115200e-04 
-1.8919438400e-04 
-1.7404112000e-04 
-1.5656347200e-04 
-1.3961046400e-04 
-1.1967896800e-04 
-9.8208128000e-05 
-7.7957304000e-05 
-5.3749064000e-05 
-3.4954560000e-05 
-1.2272293000e-05 
+9.2395200000e-06 

+3.6143040000e-05 
+5.4030564000e-05 
+7.7016184000e-05 
+9.6924744000e-05 
+1.1950821600e-04 
+1.3804640000e-04 
+1.5464640000e-04 
+1.7552232000e-04 
+1.8838872000e-04 
+2.0584960000e-04 
+2.1701872000e-04 
+2.2761289600e-04 
+2.3947440000e-04 
+2.4506068800e-04 
+2.5142531200e-04 
+2.5735232000e-04 
+2.5723993600e-04 
+2.5755523200e-04 
+2.5753796800e-04 
+2.5171153600e-04 
+2.4592409600e-04 
+2.4049444800e-04 
+2.2907656000e-04 
+2.1702382400e-04 
+2.0755964800e-04 
+1.8877576000e-04 
+1.7524121600e-04 
+1.5635985600e-04 
+1.4079484800e-04 
+1.1938200800e-04 
+1.0052960800e-04 
+7.7580296000e-05 
+5.6897128000e-05 
+3.4216548000e-05 
+1.3733886000e-05 
-1.2411222000e-05 
-3.2253838000e-05 
-5.3939812000e-05 
-7.8663304000e-05 
-9.5309568000e-05 
-1.1916913600e-04 
-1.3897406400e-04 
-1.5473769600e-04 
-1.7315180800e-04 
-1.8859430400e-04 
-2.0292145600e-04 
-2.1599942400e-04 
-2.2803553600e-04 
-2.3642892800e-04 
-2.4537612800e-04 
-2.5015840000e-04 
-2.5402166400e-04 
-2.5634289600e-04 
-2.5618715200e-04 
-2.5445888000e-04 
-2.5134129600e-04 
-2.4402513600e-04 
-2.3688273600e-04 
-2.2672648000e-04 
-2.1522708800e-04 
-2.0183358400e-04 
-1.8887203200e-04 
-1.7183041600e-04 
-1.5518835200e-04 
-1.3759224000e-04 
-1.1735393600e-04 
-9.6870336000e-05 
-7.5355248000e-05 
-5.5796952000e-05 
-3.1298252000e-05 
-1.0814760000e-05 
+1.2646112000e-05 
+3.4157488000e-05 
+5.5405564000e-05 
+7.8715680000e-05 
+9.6842392000e-05 
+1.1881678400e-04 
+1.4076550400e-04 
+1.5657296000e-04 
+1.7227755200e-04 
+1.9107009600e-04 
+2.0432723200e-04 
+2.1575214400e-04 
+2.2829166400e-04 
+2.3918792000e-04 
+2.4437913600e-04 
+2.5000420800e-04 
+2.5685896000e-04 
+2.5518827200e-04 
+2.5591908800e-04 
+2.5687934400e-04 
+2.5024835200e-04 
+2.4375217600e-04 
+2.3917177600e-04 
+2.2721092800e-04 
+2.1486956800e-04 
+2.0355532800e-04 
+1.8918905600e-04 
+1.7298752000e-04 
+1.5600987200e-04 
+1.3857822400e-04 
+1.1862284800e-04 
+9.6806136000e-05 
+7.6472464000e-05 
+5.5760780000e-05 
+3.0975894000e-05 
+1.3214158000e-05 
-1.1576439000e-05 
-3.5138056000e-05 
-5.5556356000e-05 
-7.5966040000e-05 
-1.0084724800e-04 
-1.1849512000e-04 
-1.3873492800e-04 
-1.5758054400e-04 
-1.7157716800e-04 
-1.9217800000e-04 
-2.0341392000e-04 
-2.1622350400e-04 
-2.2868014400e-04 
-2.3868553600e-04 
-2.4489382400e-04 
-2.5094892800e-04 
-2.5608913600e-04 
-2.5734280000e-04 
-2.5632291200e-04 
-2.5652721600e-04 
-2.5137715200e-04 
-2.4482132800e-04 
-2.3824329600e-04 
-2.2919011200e-04 
-2.1535425600e-04 
-2.0489099200e-04 
-1.9145025600e-04 
-1.7148532800e-04 
-1.5782388800e-04 
-1.3940924800e-04 
-1.1914291200e-04 
-9.7225648000e-05 
-7.8442728000e-05 
-5.5679980000e-05 
-3.4717840000e-05 
-1.1241329000e-05 
+1.0285833000e-05 

+3.3880788000e-05 
+5.6017244000e-05 
+7.4221368000e-05 
+1.0019480800e-04 
+1.1855320000e-04 
+1.3739427200e-04 
+1.5779609600e-04 
+1.7231166400e-04 
+1.8930737600e-04 
+2.0369089600e-04 
+2.1791768000e-04 
+2.2814001600e-04 
+2.3932704000e-04 
+2.4497921600e-04 
+2.5222524800e-04 
+2.5681784000e-04 
+2.5699118400e-04 
+2.5776500800e-04 
+2.5789832000e-04 
+2.5098812800e-04 
+2.4702201600e-04 
+2.3868316800e-04 
+2.2962566400e-04 
+2.1738849600e-04 
+2.0535913600e-04 
+1.9129012800e-04 
+1.7515084800e-04 
+1.5770470400e-04 
+1.4012564800e-04 
+1.1941769600e-04 
+9.9497240000e-05 
+8.0775832000e-05 
+5.3057224000e-05 
+3.5357136000e-05 
+1.2636724000e-05 
-1.1638400000e-05 
-3.2658552000e-05 
-5.5596692000e-05 
-7.4648520000e-05 
-9.7989880000e-05 
-1.1861959200e-04 
-1.3785897600e-04 
-1.5486884800e-04 
-1.7355204800e-04 
-1.8803307200e-04 
-2.0359201600e-04 
-2.1651368000e-04 
-2.2749212800e-04 
-2.3689739200e-04 
-2.4435672000e-04 
-2.5053947200e-04 
-2.5433659200e-04 
-2.5655796800e-04 
-2.5605376000e-04 
-2.5446916800e-04 
-2.5058054400e-04 
-2.4429948800e-04 
-2.3637451200e-04 
-2.2746753600e-04 
-2.1547568000e-04 
-2.0231252800e-04 
-1.8808057600e-04 
-1.7226980800e-04 
-1.5468633600e-04 
-1.3785865600e-04 
-1.1659026400e-04 
-9.6427432000e-05 
-7.6808888000e-05 
-5.3906648000e-05 
-3.4677936000e-05 
-9.7630380000e-06 
+1.3255825000e-05 
+3.4618776000e-05 
+5.2993736000e-05 
+8.1015944000e-05 
+9.6260152000e-05 
+1.2053113600e-04 
+1.3846772800e-04 
+1.5756212800e-04 
+1.7356716800e-04 
+1.8926302400e-04 
+2.0466793600e-04 
+2.1597897600e-04 
+2.2879376000e-04 
+2.3853161600e-04 
+2.4395390400e-04 
+2.5044254400e-04 
+2.5683771200e-04 
+2.5551323200e-04 
+2.5595102400e-04 
+2.5639456000e-04 
+2.5027548800e-04 
+2.4360305600e-04 
+2.3893684800e-04 
+2.2772371200e-04 
+2.1545628800e-04 
+2.0379265600e-04 
+1.8839099200e-04 
+1.7342915200e-04 
+1.5593182400e-04 
+1.3870302400e-04 
+1.1776427200e-04 
+9.7144864000e-05 
+7.7243232000e-05 
+5.6929720000e-05 
+2.9897350000e-05 
+1.2112558000e-05 
-1.2123479000e-05 
-3.4484312000e-05 
-5.5256180000e-05 
-7.7788728000e-05 
-9.8072808000e-05 
-1.1847954400e-04 
-1.4013494400e-04 
-1.5684792000e-04 
-1.7180321600e-04 
-1.9216342400e-04 
-2.0291902400e-04 
-2.1665550400e-04 
-2.2926700800e-04 
-2.3773646400e-04 
-2.4605382400e-04 
-2.5088769600e-04 
-2.5574356800e-04 
-2.5729796800e-04 
-2.5619748800e-04 
-2.5618907200e-04 
-2.5137257600e-04 
-2.4488169600e-04 
-2.3851734400e-04 
-2.2886428800e-04 
-2.1598340800e-04 
-2.0439996800e-04 
-1.9197491200e-04 
-1.7118595200e-04 
-1.5784851200e-04 
-1.3908468800e-04 
-1.1878211200e-04 
-9.9879920000e-05 
-7.5002968000e-05 
-5.7766956000e-05 
-3.2404380000e-05 
-1.2804379000e-05 
+1.0211730000e-05 

+3.4443436000e-05 
+5.6249396000e-05 
+7.4197976000e-05 
+9.9236528000e-05 
+1.1841442400e-04 
+1.3794836800e-04 
+1.5792259200e-04 
+1.7245136000e-04 
+1.9074148800e-04 
+2.0202656000e-04 
+2.1717323200e-04 
+2.2826102400e-04 
+2.3933443200e-04 
+2.4579457600e-04 
+2.5175840000e-04 
+2.5735478400e-04 
+2.5691697600e-04 
+2.5749489600e-04 
+2.5775372800e-04 
+2.5102552000e-04 
+2.4637726400e-04 
+2.4004496000e-04 
+2.2974260800e-04 
+2.1672241600e-04 
+2.0613289600e-04 
+1.9233897600e-04 
+1.7229942400e-04 
+1.5874238400e-04 
+1.3928932800e-04 
+1.2114739200e-04 
+9.8310960000e-05 
+7.8536520000e-05 
+5.5406828000e-05 
+3.5344660000e-05 
+1.1546961000e-05 
-1.0354357000e-05 
-3.2707092000e-05 
-5.5119008000e-05 
-7.5107168000e-05 
-9.8069528000e-05 
-1.1845738400e-04 
-1.3821697600e-04 
-1.5429585600e-04 
-1.7357558400e-04 
-1.8812526400e-04 
-2.0259368000e-04 
-2.1754684800e-04 
-2.2793814400e-04 
-2.3694843200e-04 
-2.4419577600e-04 
-2.5062792000e-04 
-2.5426960000e-04 
-2.5647793600e-04 
-2.5611478400e-04 
-2.5425715200e-04 
-2.5050670400e-04 
-2.4430795200e-04 
-2.3623089600e-04 
-2.2776934400e-04 
-2.1520171200e-04 
-2.0375115200e-04 
-1.8698721600e-04 
-1.7385265600e-04 
-1.5358430400e-04 
-1.3701990400e-04 
-1.1755707200e-04 
-9.5632208000e-05 
-7.7644712000e-05 
-5.3220292000e-05 
-3.4719220000e-05 
-1.0055626000e-05 
+1.3574277000e-05 
+3.4529368000e-05 
+5.5149676000e-05 
+7.7045248000e-05 
+9.9700536000e-05 
+1.1829924800e-04 
+1.4044150400e-04 
+1.5640715200e-04 
+1.7285339200e-04 
+1.8961976000e-04 
+2.0507281600e-04 
+2.1519092800e-04 
+2.2948124800e-04 
+2.3801288000e-04 
+2.4440315200e-04 
+2.5079438400e-04 
+2.5672793600e-04 
+2.5520732800e-04 
+2.5594400000e-04 
+2.5677480000e-04 
+2.4949620800e-04 
+2.4396089600e-04 
+2.3983955200e-04 
+2.2673627200e-04 
+2.1584401600e-04 
+2.0346652800e-04 
+1.8959286400e-04 
+1.7257920000e-04 
+1.5534795200e-04 
+1.3834089600e-04 
+1.1874661600e-04 
+9.7252536000e-05 
+7.7233984000e-05 
+5.5614732000e-05 
+3.1714508000e-05 
+1.1751783000e-05 
-1.2628335000e-05 
-3.4323380000e-05 
-5.5430164000e-05 
-7.7920136000e-05 
-9.8216840000e-05 
-1.1831804000e-04 
-1.3805636800e-04 
-1.5920166400e-04 
-1.7182515200e-04 
-1.9044428800e-04 
-2.0506172800e-04 
-2.1620497600e-04 
-2.2874275200e-04 
-2.3747867200e-04 
-2.4556376000e-04 
-2.5146488000e-04 
-2.5592032000e-04 
-2.5730931200e-04 
-2.5649510400e-04 
-2.5584112000e-04 
-2.5239249600e-04 
-2.4398640000e-04 
-2.3903712000e-04 
-2.2885118400e-04 
-2.1628321600e-04 
-2.0388104000e-04 
-1.9129707200e-04 
-1.7126536000e-04 
-1.5781814400e-04 
-1.3916462400e-04 
-1.1877552800e-04 
-9.8099304000e-05 
-7.8836216000e-05 
-5.5945848000e-05 
-3.2069244000e-05 
-1.3051852000e-05 
+1.0575823000e-05 

+3.4092312000e-05 
+5.4705684000e-05 
+7.5352120000e-05 
+9.8072216000e-05 
+1.2004582400e-04 
+1.3781257600e-04 
+1.5713929600e-04 
+1.7199801600e-04 
+1.9039481600e-04 
+2.0464174400e-04 
+2.1625912000e-04 
+2.2822819200e-04 
+2.4012353600e-04 
+2.4483912000e-04 
+2.5152860800e-04 
+2.5738105600e-04 
+2.5686851200e-04 
+2.5761310400e-04 
+2.5754660800e-04 
+2.5166968000e-04 
+2.4631203200e-04 
+2.3987512000e-04 
+2.2941052800e-04 
+2.1659134400e-04 
+2.0686019200e-04 
+1.8980528000e-04 
+1.7429764800e-04 
+1.5851569600e-04 
+1.3972600000e-04 
+1.2137636800e-04 
+9.7222720000e-05 
+7.8615816000e-05 
+5.7438044000e-05 
+3.4441964000e-05 
+1.1697271000e-05 
-9.8010490000e-06 
-3.3597668000e-05 
-5.5439416000e-05 
-7.5204560000e-05 
-9.8148528000e-05 
-1.1736617600e-04 
-1.3898313600e-04 
-1.5459593600e-04 
-1.7430496000e-04 
-1.8796123200e-04 
-2.0277792000e-04 
-2.1676499200e-04 
-2.2773116800e-04 
-2.3691556800e-04 
-2.4477584000e-04 
-2.5006099200e-04 
-2.5416571200e-04 
-2.5663987200e-04 
-2.5619820800e-04 
-2.5455360000e-04 
-2.5090022400e-04 
-2.4448550400e-04 
-2.3549547200e-04 
-2.2738547200e-04 
-2.1457854400e-04 
-2.0339203200e-04 
-1.8859187200e-04 
-1.7173980800e-04 
-1.5704744000e-04 
-1.3647068800e-04 
-1.1706262400e-04 
-9.5657192000e-05 
-7.7122464000e-05 
-5.2708884000e-05 
-3.3961288000e-05 
-1.0742342000e-05 
+1.2419953000e-05 
+3.4842076000e-05 
+5.6228308000e-05 
+7.7784264000e-05 
+9.7825464000e-05 
+1.1924839200e-04 
+1.4038270400e-04 
+1.5558966400e-04 
+1.7323451200e-04 
+1.9015233600e-04 
+2.0404030400e-04 
+2.1590467200e-04 
+2.2930216000e-04 
+2.3856297600e-04 
+2.4392449600e-04 
+2.5070273600e-04 
+2.5652116800e-04 
+2.5529320000e-04 
+2.5583929600e-04 
+2.5652408000e-04 
+2.5048072000e-04 
+2.4373755200e-04 
+2.3869536000e-04 
+2.2750052800e-04 
+2.1624787200e-04 
+2.0296564800e-04 
+1.8973339200e-04 
+1.7417768000e-04 
+1.5385595200e-04 
+1.3892561600e-04 
+1.1658796000e-04 
+9.8261824000e-05 
+7.7625552000e-05 
+5.4429888000e-05 
+3.3537522000e-05 
+1.1412947000e-05 
-1.1660077000e-05 
-3.6744364000e-05 
-5.3758192000e-05 
-7.8442592000e-05 
-9.8784000000e-05 
-1.1905908800e-04 
-1.3840675200e-04 
-1.5668532800e-04 
-1.7355921600e-04 
-1.8941420800e-04 
-2.0418121600e-04 
-2.1695552000e-04 
-2.2937691200e-04 
-2.3785838400e-04 
-2.4533788800e-04 
-2.5083526400e-04 
-2.5560017600e-04 
-2.5714891200e-04 
-2.5655521600e-04 
-2.5658867200e-04 
-2.5118486400e-04 
-2.4499985600e-04 
-2.3920720000e-04 
-2.2803315200e-04 
-2.1619046400e-04 
-2.0360734400e-04 
-1.9154196800e-04 
-1.7295699200e-04 
-1.5682339200e-04 
-1.3995673600e-04 
-1.1941582400e-04 
-9.6770208000e-05 
-7.7933408000e-05 
-5.6915820000e-05 
-3.3193990000e-05 
-1.2046266000e-05 
+1.1102259000e-05 

+3.3343572000e-05 
+5.5909228000e-05 
+7.6707544000e-05 
+9.6994968000e-05 
+1.1835000000e-04 
+1.3844979200e-04 
+1.5708860800e-04 
+1.7210328000e-04 
+1.9029371200e-04 
+2.0448408000e-04 
+2.1685934400e-04 
+2.2846043200e-04 
+2.3916401600e-04 
+2.4572001600e-04 
+2.5105888000e-04 
+2.5724777600e-04 
+2.5702955200e-04 
+2.5756158400e-04 
+2.5798824000e-04 
+2.5135747200e-04 
+2.4621150400e-04 
+2.4035441600e-04 
+2.2851320000e-04 
+2.1749380800e-04 
+2.0506136000e-04 
+1.9252766400e-04 
+1.7374931200e-04 
+1.5945409600e-04 
+1.3796713600e-04 
+1.1948383200e-04 
+9.9717368000e-05 
+7.7718824000e-05 
+5.7359444000e-05 
+3.3945156000e-05 
+1.2431986000e-05 
-9.2111990000e-06 
-3.4456856000e-05 
-5.4985588000e-05 
-7.4313496000e-05 
-9.9487472000e-05 
-1.1819217600e-04 
-1.3711484800e-04 
-1.5667934400e-04 
-1.7195940800e-04 
-1.8997374400e-04 
-2.0163768000e-04 
-2.1625833600e-04 
-2.2857716800e-04 
-2.3646833600e-04 
-2.4423523200e-04 
-2.5100393600e-04 
-2.5431763200e-04 
-2.5657811200e-04 
-2.5589979200e-04 
-2.5436512000e-04 
-2.5023508800e-04 
-2.4516436800e-04 
-2.3588867200e-04 
-2.2742976000e-04 
-2.1479376000e-04 
-2.0316876800e-04 
-1.8958147200e-04 
-1.7072904000e-04 
-1.5529092800e-04 
-1.3678108800e-04 
-1.1691196800e-04 
-9.6842384000e-05 
-7.6774800000e-05 
-5.3959704000e-05 
-3.2987216000e-05 
-9.7850730000e-06 
+1.1271608000e-05 
+3.2948904000e-05 
+5.8635012000e-05 
+7.6626992000e-05 
+9.9585536000e-05 
+1.1846267200e-04 
+1.3884649600e-04 
+1.5674593600e-04 
+1.7353494400e-04 
+1.8890600000e-04 
+2.0493939200e-04 
+2.1644916800e-04 
+2.2854326400e-04 
+2.3922379200e-04 
+2.4328587200e-04 
+2.5112627200e-04 
+2.5641060800e-04 
+2.5523713600e-04 
+2.5612873600e-04 
+2.5649851200e-04 
+2.4993011200e-04 
+2.4430643200e-04 
+2.3858704000e-04 
+2.2764520000e-04 
+2.1512888000e-04 
+2.0422160000e-04 
+1.8782915200e-04 
+1.7415972800e-04 
+1.5604752000e-04 
+1.4013905600e-04 
+1.1477391200e-04 
+9.8821344000e-05 
+7.7526448000e-05 
+5.3850936000e-05 
+3.2609314000e-05 
+1.1320774000e-05 
-1.0512845000e-05 
-3.5877540000e-05 
-5.5015856000e-05 
-7.7709448000e-05 
-9.8117664000e-05 
-1.2016169600e-04 
-1.3841504000e-04 
-1.5510436800e-04 
-1.7530569600e-04 
-1.8937433600e-04 
-2.0447083200e-04 
-2.1580174400e-04 
-2.2916649600e-04 
-2.3872102400e-04 
-2.4568920000e-04 
-2.5066432000e-04 
-2.5591630400e-04 
-2.5737052800e-04 
-2.5623334400e-04 
-2.5584433600e-04 
-2.5153272000e-04 
-2.4492420800e-04 
-2.3874187200e-04 
-2.2914854400e-04 
-2.1585758400e-04 
-2.0432632000e-04 
-1.9085016000e-04 
-1.7358772800e-04 
-1.5539881600e-04 
-1.4016528000e-04 
-1.1793608000e-04 
-9.9351064000e-05 
-7.8108416000e-05 
-5.6135932000e-05 
-3.3154640000e-05 
-1.2805197000e-05 
+1.3105443000e-05 

+3.2048116000e-05 
+5.3876088000e-05 
+7.8989504000e-05 
+9.6689048000e-05 
+1.1899376000e-04 
+1.3780368000e-04 
+1.5657193600e-04 
+1.7390171200e-04 
+1.8974915200e-04 
+2.0356860800e-04 
+2.1694963200e-04 
+2.2804924800e-04 
+2.3954963200e-04 
+2.4562369600e-04 
+2.5169286400e-04 
+2.5698480000e-04 
+2.5701132800e-04 
+2.5756233600e-04 
+2.5741566400e-04 
+2.5140262400e-04 
+2.4686792000e-04 
+2.3994843200e-04 
+2.2894144000e-04 
+2.1742419200e-04 
+2.0528171200e-04 
+1.9224390400e-04 
+1.7329064000e-04 
+1.5822715200e-04 
+1.3978494400e-04 
+1.2033040000e-04 
+9.7441224000e-05 
+8.0394936000e-05 
+5.7613788000e-05 
+3.1578716000e-05 
+1.3054455000e-05 
-1.0555356000e-05 
-3.3576964000e-05 
-5.3407376000e-05 
-7.6434600000e-05 
-9.7640040000e-05 
-1.1739838400e-04 
-1.4008033600e-04 
-1.5419616000e-04 
-1.7115643200e-04 
-1.9186728000e-04 
-2.0206480000e-04 
-2.1651782400e-04 
-2.2682273600e-04 
-2.3747409600e-04 
-2.4473275200e-04 
-2.5029806400e-04 
-2.5439094400e-04 
-2.5653472000e-04 
-2.5599041600e-04 
-2.5437232000e-04 
-2.5029440000e-04 
-2.4483972800e-04 
-2.3648920000e-04 
-2.2684318400e-04 
-2.1608630400e-04 
-2.0145844800e-04 
-1.9000604800e-04 
-1.7064073600e-04 
-1.5507110400e-04 
-1.3707137600e-04 
-1.1787510400e-04 
-9.6336512000e-05 
-7.7404000000e-05 
-5.4055648000e-05 
-3.2108174000e-05 
-1.0565488000e-05 
+1.3156681000e-05 
+3.1784300000e-05 
+5.7143084000e-05 
+7.6774672000e-05 
+1.0084210400e-04 
+1.1794883200e-04 
+1.4010072000e-04 
+1.5587054400e-04 
+1.7327670400e-04 
+1.9073008000e-04 
+2.0400611200e-04 
+2.1562516800e-04 
+2.2905233600e-04 
+2.3906787200e-04 
+2.4310051200e-04 
+2.5140702400e-04 
+2.5624696000e-04 
+2.5536296000e-04 
+2.5607084800e-04 
+2.5670966400e-04 
+2.4981568000e-04 
+2.4444548800e-04 
+2.3878304000e-04 
+2.2673126400e-04 
+2.1480937600e-04 
+2.0484883200e-04 
+1.8889734400e-04 
+1.7345513600e-04 
+1.5515926400e-04 
+1.3890899200e-04 
+1.1770036800e-04 
+9.6544232000e-05 
+8.0171320000e-05 
+5.2798500000e-05 
+3.2690526000e-05 
+9.8885820000e-06 
-1.1007887000e-05 
-3.3982424000e-05 
-5.5145440000e-05 
-7.7560120000e-05 
-9.9252096000e-05 
-1.1983116000e-04 
-1.3832657600e-04 
-1.5689700800e-04 
-1.7370441600e-04 
-1.8857180800e-04 
-2.0496812800e-04 
-2.1651916800e-04 
-2.2920353600e-04 
-2.3802665600e-04 
-2.4530100800e-04 
-2.5157278400e-04 
-2.5560979200e-04 
-2.5712964800e-04 
-2.5650089600e-04 
-2.5597299200e-04 
-2.5186108800e-04 
-2.4435137600e-04 
-2.3837944000e-04 
-2.2850664000e-04 
-2.1703795200e-04 
-2.0339395200e-04 
-1.9094081600e-04 
-1.7320113600e-04 
-1.5714131200e-04 
-1.4078694400e-04 
-1.1623805600e-04 
-9.8510968000e-05 
-7.9354480000e-05 
-5.5538176000e-05 
-3.3981104000e-05 
-1.1872375000e-05 
+1.0728758000e-05 

