1.20725e-07
1.16382e-07
1.03267e-07
9.4573e-08
9.8746e-08
8.412399999999999e-08
7.6778e-08
7.9652e-08
7.2344e-08
6.2115e-08
7.2866e-08
6.5112e-08
7.0879e-08
7.2316e-08
8.1647e-08
8.6219e-08
9.7034e-08
1.0070999999999999e-07
1.17032e-07
1.19065e-07
1.25978e-07
1.35904e-07
1.34229e-07
1.3918e-07
1.4302e-07
1.39958e-07
1.36214e-07
1.38784e-07
1.25354e-07
1.1882399999999999e-07
1.15071e-07
1.02777e-07
9.257399999999999e-08
9.5719e-08
7.7679e-08
7.6774e-08
7.0787e-08
7.3597e-08
6.4415e-08
6.694e-08
6.3342e-08
7.2056e-08
7.2351e-08
7.8108e-08
8.9879e-08
9.5638e-08
1.0115199999999999e-07
1.16812e-07
1.18198e-07
1.2123399999999999e-07
1.3764399999999999e-07
1.34848e-07
1.3675699999999999e-07
1.42061e-07
1.43132e-07
1.31119e-07
1.43487e-07
1.24547e-07
1.21613e-07
1.1378099999999999e-07
1.04671e-07
9.3643e-08
8.9962e-08
7.9401e-08
7.850899999999999e-08
7.0287e-08
7.157699999999999e-08
6.8103e-08
6.751499999999999e-08
6.8129e-08
7.707e-08
7.6916e-08
8.2098e-08
9.8146e-08
9.6656e-08
1.09261e-07
1.1570699999999999e-07
1.25885e-07
1.24305e-07
1.4185e-07
1.34995e-07
1.38759e-07
1.4102899999999999e-07
1.41022e-07
1.3514e-07
1.36779e-07
1.2176e-07
1.19625e-07
1.11379e-07
1.05653e-07
9.5222e-08
8.5581e-08
7.666499999999999e-08
7.7784e-08
6.661e-08
6.1328e-08
7.221799999999999e-08
6.212e-08
6.640599999999999e-08
7.3236e-08
7.6396e-08
8.2133e-08
9.711e-08
9.7039e-08
1.0827199999999999e-07
1.1603399999999999e-07
1.26413e-07
1.25765e-07
1.38178e-07
1.33088e-07
1.43932e-07
1.35043e-07
1.39504e-07
1.34414e-07
1.32693e-07
1.21138e-07
1.22563e-07
1.13973e-07
9.8762e-08
9.953099999999999e-08
8.5083e-08
7.3356e-08
7.72e-08
6.5055e-08
6.141e-08
7.276699999999999e-08
6.4783e-08
7.1108e-08
7.7394e-08
8.3124e-08
8.400699999999999e-08
1.00472e-07
1.0098e-07
1.14589e-07
1.1825e-07
1.28455e-07
1.35411e-07
1.353e-07
1.39967e-07
1.40456e-07
1.36054e-07
1.34645e-07
1.35732e-07
1.30393e-07
